
24373.395 

24677.906 

27700.06 

24447.086 

25773.277 

8928.46 

22167385.87 

689.954 

15873.432 

248137.372 

47222.923 

265153.235 

63356.99 

1071119.092 

63099.894 

143295.955 

57189.06 

289240.504 

309490.167 

111539.266 

63839.922 

22579.379 

536828.647 

170000.605 

62998.159 

31271.367 

29640.854 

77724.849 

24430.998 

42975.849 

71920.58 

377553.075 

65461.985 

732433.707 

368168.066 

2562.498 

16445.756 

33283.472 

32986.963 

89773.499 

73557.28 

141351.224 

90543.372 

255588.515 

378062.826 

2687.772 

55830.651 

53901.704 

155055.147 

47708.516 

47708.516 

75004061.32 

32201.906 

17608.833 

13390.59 

117242.438 

56253.27 

206362.348 

38020.776 

4 

473.21 

39403.35 

7581.916 

654490.872 

646471.814 

36445.809 

54628.44 

720.722 

47899.693 

25984409.28 

586.61 

127913.159 

9885.706 

1347.553 


