Test       ÌÂØ    ÂÀÁ %
ks_4_0   19   19   0
ks_19_0   11080   12248   -10
ks_1000_0   99124   109899   -10
ks_100_0   93045   99837   -7
ks_100_1   1272176   1333930   -4
ks_100_2   9816   10892   -10
ks_200_0   99090   100236   -1
ks_200_1   1067697   1103604   -3
ks_300_0   1638698   1688692   -3
ks_30_0   99045   99798   0
ks_400_0   3879439   3967180   -2
ks_40_0   99090   99924   0
ks_45_0   20939   23974   -14
ks_500_0   48984   54939   -12
ks_50_0   132960   142156   -6
ks_50_1   4630   5345   -15
ks_60_0   99045   99837   0
